,celeba_age,identity,gender,race
43,0.050,0.540,0.190,0.220
17,0.009,0.726,0.047,0.217
65,0.060,0.581,0.152,0.207
5,0.087,0.587,0.120,0.206
130,0.094,0.583,0.134,0.189
160,0.059,0.574,0.180,0.186
88,0.060,0.713,0.045,0.183
48,0.082,0.665,0.076,0.177
142,0.091,0.603,0.129,0.177
164,0.096,0.697,0.030,0.176
94,0.045,0.606,0.178,0.172
134,0.025,0.654,0.150,0.171
35,0.033,0.574,0.223,0.171
91,0.150,0.659,0.023,0.168
85,0.034,0.733,0.067,0.166
11,0.000,0.610,0.225,0.164
137,0.003,0.642,0.193,0.162
101,0.054,0.600,0.184,0.162
32,0.040,0.611,0.188,0.161
8,0.099,0.658,0.090,0.153
87,0.003,0.557,0.288,0.153
38,0.079,0.547,0.224,0.150
24,0.038,0.731,0.086,0.144
150,0.015,0.601,0.239,0.144
57,0.003,0.597,0.259,0.141
195,0.041,0.513,0.308,0.138
181,0.108,0.644,0.110,0.138
122,0.035,0.508,0.319,0.138
182,0.099,0.591,0.173,0.137
163,0.108,0.687,0.068,0.137
145,0.033,0.561,0.270,0.136
118,0.088,0.597,0.180,0.135
109,0.113,0.386,0.370,0.131
34,0.091,0.704,0.074,0.131
166,0.077,0.519,0.275,0.130
125,0.122,0.552,0.197,0.129
92,0.024,0.588,0.262,0.126
83,0.072,0.781,0.021,0.126
19,0.113,0.559,0.202,0.126
37,0.081,0.414,0.380,0.126
148,0.050,0.431,0.396,0.123
100,0.043,0.473,0.362,0.122
74,0.005,0.626,0.251,0.118
136,0.056,0.618,0.208,0.118
161,0.030,0.594,0.261,0.115
68,0.065,0.660,0.160,0.114
15,0.039,0.450,0.400,0.112
199,0.001,0.542,0.348,0.109
6,0.068,0.445,0.379,0.108
144,0.061,0.441,0.391,0.106
132,0.097,0.542,0.255,0.106
79,0.053,0.489,0.353,0.105
123,0.032,0.639,0.224,0.104
128,0.062,0.778,0.059,0.101
114,0.125,0.679,0.097,0.100
2,0.022,0.517,0.362,0.099
176,0.034,0.584,0.282,0.099
165,0.091,0.580,0.232,0.097
146,0.084,0.635,0.184,0.097
59,0.039,0.651,0.213,0.097
29,0.087,0.393,0.423,0.097
0,0.081,0.615,0.208,0.096
90,0.095,0.675,0.135,0.095
155,0.011,0.511,0.388,0.091
33,0.134,0.474,0.302,0.091
159,0.129,0.479,0.303,0.089
1,0.008,0.663,0.243,0.087
184,0.021,0.487,0.406,0.086
47,0.014,0.886,0.016,0.085
185,0.071,0.451,0.393,0.085
26,0.083,0.397,0.436,0.084
67,0.059,0.437,0.421,0.083
124,0.007,0.689,0.221,0.083
193,0.008,0.527,0.382,0.083
89,0.095,0.779,0.044,0.082
172,0.061,0.355,0.502,0.082
76,0.025,0.744,0.150,0.081
103,0.044,0.583,0.294,0.079
158,0.017,0.681,0.223,0.079
52,0.079,0.821,0.021,0.078
40,0.106,0.577,0.240,0.078
190,0.075,0.440,0.408,0.077
111,0.114,0.466,0.344,0.077
119,0.002,0.568,0.353,0.076
56,0.049,0.527,0.348,0.075
113,0.061,0.843,0.022,0.074
31,0.088,0.479,0.359,0.074
129,0.029,0.433,0.465,0.073
105,0.077,0.414,0.437,0.071
69,0.060,0.634,0.235,0.071
30,0.148,0.664,0.118,0.071
133,0.087,0.450,0.393,0.071
99,0.043,0.601,0.286,0.070
153,0.020,0.740,0.172,0.068
82,0.048,0.665,0.219,0.068
104,0.066,0.754,0.114,0.067
121,0.073,0.399,0.463,0.065
55,0.089,0.529,0.317,0.065
44,0.048,0.655,0.231,0.065
157,0.034,0.684,0.217,0.065
170,0.106,0.493,0.336,0.065
80,0.131,0.593,0.211,0.065
143,0.099,0.452,0.386,0.062
98,0.116,0.511,0.311,0.061
7,0.066,0.494,0.379,0.061
139,0.039,0.758,0.143,0.060
156,0.081,0.663,0.198,0.059
112,0.089,0.709,0.144,0.058
186,0.019,0.444,0.479,0.058
63,0.084,0.497,0.360,0.058
14,0.045,0.446,0.452,0.057
192,0.034,0.479,0.430,0.057
147,0.073,0.744,0.127,0.056
10,0.023,0.383,0.540,0.055
151,0.121,0.798,0.027,0.054
77,0.060,0.469,0.417,0.053
58,0.060,0.523,0.365,0.053
108,0.076,0.628,0.243,0.053
152,0.005,0.550,0.394,0.052
179,0.039,0.490,0.420,0.051
50,0.083,0.504,0.363,0.050
41,0.022,0.698,0.230,0.049
62,0.016,0.754,0.181,0.048
86,0.095,0.469,0.388,0.048
61,0.054,0.507,0.392,0.048
196,0.104,0.571,0.278,0.047
127,0.111,0.507,0.336,0.047
49,0.087,0.412,0.454,0.047
78,0.087,0.358,0.509,0.047
107,0.131,0.647,0.177,0.045
154,0.089,0.567,0.299,0.045
28,0.116,0.425,0.414,0.045
96,0.120,0.633,0.202,0.044
21,0.043,0.519,0.396,0.042
73,0.010,0.408,0.541,0.041
117,0.029,0.589,0.341,0.041
22,0.003,0.431,0.526,0.041
167,0.145,0.596,0.219,0.040
188,0.062,0.437,0.462,0.039
9,0.065,0.757,0.139,0.039
51,0.100,0.379,0.482,0.039
12,0.076,0.824,0.061,0.038
187,0.027,0.575,0.360,0.038
175,0.149,0.654,0.160,0.038
191,0.044,0.483,0.435,0.038
64,0.053,0.790,0.120,0.037
13,0.035,0.501,0.427,0.037
177,0.025,0.663,0.276,0.036
60,0.034,0.542,0.389,0.035
66,0.034,0.743,0.187,0.035
81,0.034,0.623,0.308,0.035
106,0.158,0.776,0.032,0.034
183,0.079,0.670,0.218,0.033
4,0.011,0.595,0.361,0.033
126,0.079,0.843,0.047,0.032
102,0.145,0.496,0.328,0.030
53,0.056,0.479,0.436,0.029
197,0.050,0.596,0.325,0.029
135,0.011,0.430,0.531,0.028
138,0.107,0.440,0.425,0.028
3,0.139,0.567,0.266,0.028
84,0.098,0.617,0.258,0.027
173,0.019,0.617,0.337,0.026
141,0.062,0.630,0.282,0.025
45,0.055,0.649,0.270,0.025
168,0.070,0.574,0.331,0.025
72,0.149,0.469,0.357,0.025
194,0.002,0.677,0.297,0.024
16,0.007,0.679,0.290,0.024
110,0.006,0.873,0.097,0.023
174,0.031,0.610,0.336,0.023
70,0.006,0.767,0.204,0.023
71,0.045,0.469,0.464,0.023
180,0.098,0.580,0.301,0.021
178,0.073,0.503,0.404,0.020
18,0.034,0.406,0.541,0.020
198,0.002,0.442,0.536,0.019
42,0.177,0.751,0.054,0.018
149,0.045,0.609,0.331,0.015
75,0.110,0.578,0.298,0.015
54,0.054,0.822,0.112,0.013
20,0.074,0.497,0.417,0.013
131,0.098,0.708,0.181,0.012
140,0.097,0.528,0.363,0.012
39,0.012,0.703,0.273,0.012
46,0.022,0.657,0.309,0.012
25,0.077,0.450,0.462,0.011
189,0.076,0.898,0.015,0.011
93,0.117,0.538,0.336,0.010
171,0.050,0.573,0.367,0.010
116,0.003,0.503,0.485,0.008
115,0.103,0.424,0.465,0.008
23,0.030,0.472,0.491,0.008
95,0.063,0.893,0.036,0.008
27,0.049,0.633,0.312,0.007
169,0.037,0.907,0.050,0.006
162,0.027,0.451,0.518,0.004
97,0.017,0.504,0.476,0.004
120,0.014,0.673,0.309,0.003
36,0.022,0.435,0.542,0.002
